419333481
390505258
3546927287240807
1544163637
1114071460
425577625
87608403
518973753
1391026481
3493136154233379
1590454344
439117959
1076825715
1806481028
3546386414963347
355017244
3546650133924648
367528996
491601914
393433792
3546749115304057
3546699614128320
1415008177
701263609
648979349
33225238
3690975157291211
141559949
3632308372376171
3546942692919559
3546941573040177
667255666
1680104379
2078338577
3546975574165934
1339719416
503346218
1323415571
3707013510989934
1391559517
175846244
169971911
516445275
1960900858
381387230
3546812545763810
3546821609654699
1236068780
496635844
3691007751227703
3546645023164965
356870874
3546560375819168
593614479
291219165
3546733789317176
314142188
1193251926
673998844
1630503811
3707021790546006
3493074994989242
1933033078
1655556356
3546983461554512
1981279041
3546716349401138
626957330
345306365
3707021736020577
1910350764
3546562668005902
3546829916473875
454194176
391658956
3546744369449175
470685844
597004202
3707005235628673
364743573
1176619610
692118884
1069267516
3494363051067813
662382910
3494363210451475
3546631611877730
405044435
3537108239125474
352408335
282579170
3707021289326774
3546931873712398
1145342672
3706996733774587
1504727639
1212804616
3493282055194798
3546554071779424
3546670522435748
3546816895256712
3691001120033746
3537107352029853
508714266
507189021
3707021211732672
3546893648923535
1974027878
518141003
521708509
3546945001884037
1290065707
3707021123652325
451171898
475735950
101989547
601535422
356037600
3690996304972637
3546925248809231
532723119
3493295632156941
3707021037669227
693603387
434402083
357896945
317657441
1194600513
3493104072002402
1353826566
3537125741955788
1597664601
414865826
665709296
3494370042972364
58411347
180892653
3546915243297380
701330694
616264939
3546961483401531
1896999405
3546943561140344
3546582681127141
363661372
1735872742
164885419
3537116684355978
2007464740
3546813741140495
263288030
15521249
1284771985
1062754696
512958306
3546380914133974
482222976
7243770
521831414
2131616639
3690995849889886
3546610292230575
1479978527
3546922667215108
3546388138821844
509436747
452716810
1673399895
672964441
3546854314740479
3494374939822103
451024478
424447579
412985153
3546680741857392
1149812650
483755141
412808599
3546777066146416
39579035
2011124021
3546663834618193
1907948326
483804080
404708771
3546721602767535
3546746047170563
384842364
470958858
493827047
430239707
692674534
3546835438275551
444785857
436712209
396315995
433947521
354640313
1079183162
1044344029
3493122287864055
416539592
389699566
3546749339699278
1088161164
3546613114996795
3707020259625147
3546791962217096
256255556
1073500462
3546865490463025
3494361987811495
3546814030547606
1410332348
1173337171
1544055425
256331798
1669474468
3493272536221784
408764392
3546891881024150
691315508
3537124070525342
3706945707969037
621662754
14206954
509547924
476385330
441391397
224404742
1247633450
3546681677187265
1935525567
3546908205255033
13894273
389252846
287777276
1033816981
1854945233
549189203
342638794
3546750056925816
3493264397175320
3493125901257374
3632305966942960
629081021
702724611
1940240905
614879841
3537112267753743
295048202
1925014009
628440155
523363057
374795840
493279006
604155082
131282204
670304521
443766115
3546615920986447
1521483410
3494371863300516
626933747
475447997
32525911
345024302
3546645622950411
2107659410
446646885
513576268
1749673693
329669693
497768262
1604165465
478433128
1583012424
34436731
3546638587005065
582104944
3546835522161373
3690974316333740
3707006561028157
3546859217882061
475310752
477543987
500915035
601143027
702522547
3493105858775351
3546971491011291
329844820
486896078
257179176
599987661
3691006832675552
3461576665335980
3707019456416678
522496589
525743533
431213531
376949287
1752519879
490679814
431707730
105406877
470722120
272819257
3690985357839113
2075753955
3546786140522575
3546868273383549
23918799
3546769801611806
429602507
3546866633410745
260223672
309422595
407270198
526555589
2009816409
1770774162
3493145146820637
3546570981116442
1081796817
476308192
1320459065
321604174
479381503
2107265570
693499494
666674778
393548864
631150004
1703654254
3546769795320074
356544233
108180750
515202533
1666444745
693118183
114649028
3546707094669712
3546760800635391
499883797
3546909763438731
3546760081312141
601655370
388401009
3493079224945101
1517294397
2140007518
3706971928660950
2108554492
510584890
3546662450497593
2014826131
3546749291464924
2029819760
2058958079
650684689
1689918329
1898225130
3707018770647243
224649089
1183110775
1354558871
406351115
451607155
1928118236
3546558360455455
3546721546143968
3707018657401561
3632307239914223
1458879398
3632305052584805
1163854056
60271323
3546965589625180
3493264732719453
1884720534
477119080
400846284
441400448
3546917172677052
3706946827847737
350693687
3546771577899495
3546735804680512
604275749
397559265
3537113429576342
415163371
433596575
660996634
3493136359753736
516508333
1833268284
2045704564
600285389
1109651745
3546916486908843
3546982199069414
1678133488
269668554
434000667
169445455
3690989189335597
1272241694
1157555095
285923789
2081599280
1074708193
418431609
668775612
153441856
205093956
3546978378057779
325572180
1430924896
508501635
179293092
1694581891
668761225
3632311759276056
3494368394611358
20803456
507716027
1455124701
396185135
3546389697005670
3546819241969915
267459718
1317787852
39468607
3546836983876071
3632307879545338
3494359307651817
3546863791769783
3546673777215581
3546962267736174
3546702707427459
321967145
484346938
3546589557688527
1263388703
1577369667
399623402
3493267322701848
1394606353
674343046
234397246
1272686944
1465048858
1811146337
1208529322
1859975780
438329924
3632308500302610
3546735943092349
1391263749
3546821708220438
3546849046694095
1929853055
3706950334286426
450605054
3546708738836552
3493291010033929
2062185422
3493117732850055
2146916089
445686221
441374882
520918740
88021979
27680822
3493076257475316
3541145
475782308
319270501
351144487
489848341
3706994456266952
1608119795
661440882
32061157
1821664092
1562107907
133366215
3546946620885095
3706992170371603
302178545
521498740
3546669194938425
207632647
597965976
3546588119042527
3546955292608760
514975302
2098814646
474366299
3461564694792291
1110041606
1976961613
1036808832
345704479
1424280545
543854599
1566951768
3546704636808093
630432291
226982722
110895861
2063363092
1247206095
1018621801
2050200679
550096209
3546755939436924
1222707960
1230081317
3707017554299437
2086507038
1794641173
1419126860
2055736540
475326825
244451178
1380122659
319430448
1651523205
406017379
55439775
3546751166318637
3546394472220823
1789369549
476243162
3546925320112685
3494360190552285
1514759713
3706948214065367
3461575031655141
631653029
3546561860601965
3546792752843140
393839234
504399665
632963482
179829134
648792487
3707017401206883
522450238
500549567
1228954695
592621278
449104763
3706967837116928
470963876
3707017378138425
646761489
3707017371847574
1305153757
524739381
581369485
3546908515633167
661076238
79574767
487615143
619454912
438096612
436843458
1319419579
1543425792
1678466911
2604813
489393980
477884842
604764792
413007713
3707012535814493
3494372523903715
3494364475034395
3707005665544744
365324077
3494349392316848
1528810568
3546949793876057
290099894
3546727365740660
3706966568340329
396385347
3494362453379193
452790095
497616459
3546731893492709
454203612
407745818
3546604283890181
3546919236275060
646709491
294097957
1978601070
3537120687819589
1529052057
1954469239
40806497
2135588007
3707017113897614
2080016095
3546917074110897
3461562752830283
3691010112620779
82926292
432434212
107858381
179082888
519955003
439296223
2124658808
30434605
24760092
1390347525
1291743981
348729562
3461565747562591
492471827
1988490467
1102131816
508706091
640657590
1199573021
1020923958
1436848815
3461576992492362
128840254
484774141
428032112
638715605
3546900942817690
1403631130
3707016994360290
3707016988068762
3706943849891909
264422543
27648238
156900262
381853456
39947194
3493117542009424
2073563806
544177758
1500684382
449212930
385316947
488622320
691623194
3494361830525133
524570871
1545842542
3461569061063214
524856575
393867618
669595655
137782343
131572518
502754181
3546742941288640
3546833787816522
1660852925
375285299
695504678
378974880
1102167242
473156899
3546782778788492
87354508
579670507
401208778
330632187
1324381069
1948765581
3706971955923439
1779585700
438921626
510520527
3546687314332216
3546822417058677
3632313399249373
3546766850919149
510028918
3546653676014262
692455907
443532163
1506903293
3546813678225963
3632307128764421
402389146
2111128038
1849844707
174916385
1969874832
3546707174361265
2115014029
3546784194366329
438104232
2021247431
3707016782547789
3546575601142443
521424737
7093282
1137978924
697275818
3546911025924822
1634598414
526015982
3546919032850516
490286065
31116913
531284185
1162667819
519596054
3546775728163653
1614526357
1059402460
437709062
673984704
650972569
434662697
1103245650
3493074550392911
1035912265
3494373239032108
374576917
578660648
1051922958
2004466916
630510249
475581485
2138565143
3546390525381372
327698756
510147056
1640698040
1117482438
3546593808615922
1938700404
452339458
367923737
352456813
1494238734
3546664467958361
14389912
690552016
386413249
281867453
3546390548449799
441811013
506762326
1916998579
236380925
3546590398646928
201711032
1155574345
651508509
382335276
1582712278
3546769728211291
1228854394
66709303
3707007882234145
2117288133
536385262
363931188
477168700
3707008616237175
527524833
3546781319170413
3546646807841284
3493080967678122
366729330
3546757334043374
319717293
3494366234544631
291142404
1809838607
3546666472835997
367959183
226760228
392575722
2093594964
245191706
3546378345121845
3546587340999028
3546761060682277
3546870439742390
3546708105497187
2031071380
343587033
1945275214
385627854
407211415
398882295
3546385995532810
3706924178606205
1914902984
3493115950270870
3494367677385117
1092732179
3706953870084248
442434152
3632307495766583
3546666137291558
621825763
383501365
407081705
400724512
1668712805
1668389378
397154697
226810705
414018664
3632315307657264
3706962873157706
1382634178
1041478103
67250573
496533441
3546701633686008
509066511
518915867
1705105820
1428528415
516131997
1839250757
398913471
1166268338
387248582
3493274446727887
1170984703
2047417776
3546861514262817
2121778841
393623127
1542652967
455640073
3707015643793697
430147254
1515987735
299461480
389116688
702998195
3537110090910258
560032878
1985053926
1954169866
651226359
412812577
3707013611653835
456728599
3546909012658770
3461578485664330
389472053
1905434930
527388322
393618982
13018856
3546874793429680
442423664
1296463798
1305768653
364931505
3546711955868272
693933644
3546919416629908
329599359
688715404
3461575251855754
532775903
3546978766031041
3493127274891874
3707015322929423
1529417735
1415632167
3546384779184529
1859273841
1906482691
1279567072
2104890461
3546978671659673
3690994253957262
1670075847
1248012110
1874195881
631269810
502377235
3546729938946362
3546897398630445
508724229
3546844466514504
3546811258112961
393316351
626536469
68523270
1312030162
3493104361408956
388226556
3546556726774717
3546700501223437
1827877640
3493257388493589
223919150
474082884
1265048537
1443109102
3537122986297436
520977852
397396377
472986501
689092824
1545712285
537949291
3546718433970254
3706951961675785
3546889785968995
384360107
1014820950
64666989
1973705321
631516581
686941872
3546871830153574
350706185
2090914936
403089324
3494369478839237
3546561158056271
3690986387540458
73466152
393603831
3493125823662934
661951605
553710719
388283619
33168754
2812079
650525578
415899193
362747210
489941693
411755531
131066532
3546825984314069
1226967913
506829121
2017101834
629957097
419063758
234378459
2086003183
694101157
3493266089577197
519194388
313271525
125379248
668947278
352758300
383810307
431288241
499168380
24410863
448737695
3546888804501929
3707014272256383
1609471000
560298687
1768486815
385306050
512814743
350664401
1734876470
3690995761810336
1744205094
515107300
179358454
1685204038
691408295
442725342
406557172
19939807
204913721
243850237
1216245887
3546970538903890
3546571513793009
3546689040287754
441686019
518883869
2031259532
438897049
3546791221921896
